e
77
56
98
13 4 4.78777267445
36 9 7.49854597868
71 97 2.39987697136
15 25 8.23665059287
21 7 7.18265447594
30 38 9.06454733918
63 86 9.4453676301
96 36 6.4242694236
69 20 2.58078825895
10 71 0.964262149022
17 25 2.61393518796
93 32 6.41122433212
44 27 3.32773380032
60 48 3.09217384639
74 94 2.19459655807
89 14 4.59507385174
50 83 3.36533446826
0 31 0.802948760028
31 44 1.45000285583
25 90 6.96131519914
39 10 3.76618859601
27 84 6.94168821944
79 23 9.33992892026
36 83 8.55366181877
34 96 4.07404655573
80 50 7.97704861472
39 54 4.36975266566
1 59 2.33834836593
25 23 3.59371011798
48 93 7.85778265991
68 76 9.63844946371
59 39 9.61920775025
34 34 1.02643891863
32 95 7.07555238379
54 14 9.33066374782
66 93 0.0244024677626
33 51 8.06651451845
96 35 7.9355054847
49 63 4.20401792972
68 94 2.40181718685
64 7 2.15915285853
44 28 3.63107318744
43 47 9.75759249283
83 55 4.31046805644
32 66 0.452100270267
15 56 7.17979572904
81 100 2.72090095426
71 31 5.01541414151
7 39 1.88469336918
100 44 1.81576484933
5 10 9.19222061453
6 53 1.06677572415
14 16 4.49201135012
85 48 1.31433181553
90 3 0.293876874963
42 35 7.11957485239
75 6 8.57992839735
65 48 4.22019621226
57 56 1.83234261762
20 29 0.891718289651
91 13 3.75774636648
76 97 2.8455393364
79 98 3.99311607768
9 22 8.10838218162
42 30 2.55604632067
78 97 6.11700667457
97 45 2.71284734258
23 64 7.09677833482
85 22 3.41447278771
27 58 8.91024563114
65 0 0.474391363342
26 86 0.995664626838
47 69 4.10300544837
68 78 3.18826816165
91 67 0.695548640562
5 12 2.13363302567
75 55 9.30023981122
94 45 4.31345744168
27 52 7.89774932964
71 66 7.1548764253
77 86 7.45452552103
49 34 6.25779235786
91 85 5.97809506381
20 61 3.14766636276
17 8 5.12685910826
57 33 5.92256586691
46 28 9.87991057842
20 25 9.01420925648
85 7 5.05843468883
34 7 1.14330380048
6 10 4.48427442075
74 64 1.68482605158
41 82 2.30384402663
78 97 1.64571500153
74 69 1.28363683724
54 39 8.85918669974
33 25 3.04664455873
66 75 4.89799220806
